YR MON  NINO1+2   ANOM   NINO3    ANOM   NINO4    ANOM NINO3.4    ANOM          
50   1   23.49    -.84   23.97   -1.37   27.41    -.65   25.01   -1.33
50   2   24.56   -1.25   24.51   -1.68   26.77   -1.27   24.92   -1.69
50   3   25.59    -.70   26.65    -.21   27.00   -1.08   26.41    -.66
50   4   23.84   -1.58   26.65    -.59   27.12   -1.21   26.75    -.83
50   5   23.41    -.62   25.91    -.81   27.72    -.83   26.30   -1.23
50   6   21.70    -.96   25.64    -.53   27.85    -.69   26.79    -.61
50   7   20.74    -.77   25.17    -.21   27.84    -.62   26.59    -.37
50   8   20.52    -.12   24.51    -.27   27.54    -.81   26.11    -.53
50   9   19.82    -.42   24.12    -.47   27.12   -1.14   25.56    -.84
50  10   20.19    -.37   24.32    -.29   27.64    -.66   26.03    -.42
50  11   20.46    -.96   23.80    -.92   27.13   -1.12   25.42    -.93
50  12   21.92    -.58   24.44    -.42   27.27    -.95   25.54    -.85
51   1   25.13     .80   25.10    -.23   27.34    -.72   25.47    -.87
51   2   25.44    -.36   26.55     .36   26.91   -1.12   26.62     .01
51   3   25.90    -.39   26.58    -.28   27.29    -.80   26.44    -.64
51   4   25.29    -.14   27.67     .43   27.94    -.39   27.74     .16
51   5   24.90     .87   27.04     .31   28.31    -.24   27.54     .01
51   6   24.56    1.90   26.46     .29   29.30     .75   27.53     .13
51   7   24.04    2.52   26.54    1.16   28.48     .02   27.48     .52
51   8   22.43    1.78   25.96    1.17   28.68     .33   27.44     .80
51   9   21.52    1.28   25.45     .86   28.43     .16   27.02     .62
51  10   22.20    1.65   25.88    1.27   28.51     .21   27.40     .95
51  11   22.90    1.48   25.96    1.24   28.87     .63   27.31     .96
51  12   23.01     .51   25.99    1.13   28.36     .15   27.19     .80
52   1   24.47     .14   25.91     .57   28.43     .37   26.88     .54
52   2   26.42     .61   26.69     .50   28.14     .10   27.03     .42
52   3   26.51     .22   26.95     .09   27.99    -.10   26.89    -.19
52   4   24.54    -.89   27.56     .32   28.66     .32   28.12     .54
52   5   23.69    -.34   26.64    -.09   28.66     .11   27.58     .05
52   6   22.35    -.30   25.75    -.42   28.58     .03   27.06    -.34
52   7   20.74    -.77   25.12    -.26   28.17    -.29   26.82    -.14
52   8   19.95    -.69   24.85     .07   28.56     .20   26.83     .19
52   9   20.12    -.12   24.59     .00   28.38     .12   26.49     .09
52  10   20.45    -.10   24.62     .01   28.50     .21   26.70     .25
52  11   20.72    -.70   24.53    -.19   28.13    -.11   26.37     .01
52  12   22.53     .03   24.45    -.42   28.16    -.05   25.99    -.40
53   1   24.19    -.14   25.92     .58   28.57     .51   27.02     .68
53   2   26.33     .52   26.81     .62   28.17     .14   27.09     .47
53   3   27.21     .93   27.41     .54   28.06    -.03   27.41     .33
53   4   26.85    1.42   28.23     .98   28.58     .24   28.40     .82
53   5   25.24    1.21   27.44     .71   28.49    -.06   27.90     .37
53   6   23.74    1.08   26.90     .73   28.64     .09   27.87     .47
53   7   22.45     .94   26.04     .66   28.89     .43   27.65     .69
53   8   21.68    1.03   25.12     .34   28.61     .26   26.82     .19
53   9   21.49    1.25   25.69    1.10   28.75     .48   27.46    1.06
53  10   21.08     .53   25.13     .52   28.35     .06   26.91     .46
53  11   22.07     .65   25.28     .56   28.59     .35   26.94     .59
53  12   22.47    -.03   25.36     .49   27.64    -.58   26.43     .04
54   1   23.06   -1.27   25.77     .43   28.55     .49   27.08     .74
54   2   25.22    -.58   26.40     .21   28.03     .00   26.95     .33
54   3   25.83    -.45   27.05     .19   28.10     .01   27.36     .28
54   4   23.05   -2.38   26.25    -.99   28.34     .00   27.38    -.19
54   5   21.79   -2.24   26.02    -.71   28.58     .03   27.46    -.07
54   6   21.02   -1.63   25.33    -.83   28.30    -.25   27.06    -.34
54   7   19.89   -1.62   24.46    -.92   28.00    -.47   26.32    -.64
54   8   19.78    -.87   23.73   -1.05   28.02    -.33   25.65    -.99
54   9   19.23   -1.01   23.75    -.83   27.64    -.62   25.55    -.84
54  10   19.20   -1.36   23.82    -.79   27.89    -.41   25.80    -.65
54  11   20.47    -.96   24.06    -.66   27.31    -.94   25.65    -.71
54  12   21.25   -1.25   24.13    -.74   27.14   -1.07   25.53    -.86
55   1   23.70    -.63   24.58    -.76   26.90   -1.16   25.12   -1.22
55   2   24.64   -1.17   26.26     .07   26.88   -1.15   26.27    -.34
55   3   25.51    -.78   26.28    -.58   27.33    -.75   26.31    -.77
55   4   24.34   -1.09   26.90    -.34   27.42    -.92   27.01    -.57
55   5   22.53   -1.51   25.58   -1.15   27.75    -.81   26.66    -.87
55   6   21.12   -1.53   25.32    -.85   28.08    -.46   26.72    -.69
55   7   20.56    -.95   24.93    -.45   27.82    -.64   26.39    -.57
55   8   19.75    -.89   24.19    -.60   27.54    -.81   25.92    -.72
55   9   19.47    -.77   23.10   -1.48   27.70    -.56   25.01   -1.39
55  10   19.35   -1.20   23.21   -1.40   26.62   -1.67   24.83   -1.62
55  11   20.00   -1.42   22.70   -2.02   26.86   -1.38   24.34   -2.02
55  12   21.10   -1.41   23.60   -1.26   27.11   -1.10   25.05   -1.34
56   1   23.67    -.66   24.28   -1.06   27.26    -.80   25.32   -1.02
56   2   24.78   -1.02   25.94    -.25   27.27    -.76   26.18    -.43
56   3   25.76    -.52   26.49    -.37   27.13    -.95   26.37    -.71
56   4   25.06    -.37   26.89    -.35   27.57    -.76   26.91    -.66
56   5   23.30    -.74   26.65    -.08   28.25    -.30   27.63     .11
56   6   22.29    -.36   26.03    -.13   28.06    -.49   27.16    -.25
56   7   21.62     .11   24.93    -.45   27.53    -.94   26.32    -.64
56   8   20.66     .01   24.22    -.57   27.72    -.63   25.98    -.66
56   9   19.98    -.26   23.88    -.70   27.42    -.84   25.79    -.61
56  10   19.84    -.72   24.43    -.19   27.75    -.55   26.30    -.16
56  11   20.86    -.56   23.90    -.82   27.92    -.33   25.63    -.73
56  12   21.60    -.90   24.38    -.49   28.06    -.15   26.20    -.19
57   1   23.25   -1.08   24.80    -.53   28.16     .09   26.16    -.18
57   2   26.32     .52   26.41     .22   28.42     .39   26.88     .27
57   3   27.47    1.19   27.35     .48   28.13     .05   27.37     .29
57   4   26.86    1.43   27.93     .69   28.92     .59   28.16     .59
57   5   26.29    2.25   27.55     .82   29.20     .65   28.13     .60
57   6   24.92    2.26   27.22    1.06   28.67     .13   27.91     .50
57   7   23.82    2.30   26.59    1.21   28.90     .43   27.82     .86
57   8   22.33    1.69   26.34    1.56   29.02     .67   27.97    1.33
57   9   21.88    1.65   25.31     .73   28.96     .70   27.00     .60
57  10   21.76    1.21   25.60     .98   28.69     .39   27.39     .94
57  11   22.40     .98   26.19    1.47   29.17     .93   27.93    1.57
57  12   23.75    1.24   26.68    1.81   28.88     .66   28.08    1.69
58   1   24.96     .63   27.09    1.75   29.15    1.08   28.42    2.07
58   2   26.74     .94   27.37    1.18   29.37    1.34   28.24    1.63
58   3   27.07     .79   27.78     .92   29.20    1.11   28.36    1.28
58   4   26.45    1.03   27.73     .49   29.01     .68   28.21     .64
58   5   25.08    1.05   27.03     .30   29.23     .68   28.11     .59
58   6   23.04     .39   26.60     .43   29.19     .64   28.10     .70
58   7   22.38     .87   25.74     .36   28.94     .47   27.33     .37
58   8   20.56    -.08   25.09     .31   28.89     .54   27.22     .58
58   9   20.72     .48   24.21    -.38   28.52     .25   26.13    -.26
58  10   20.96     .41   24.59    -.02   28.91     .61   26.70     .25
58  11   21.64     .22   24.78     .06   28.81     .56   26.71     .36
58  12   22.47    -.03   25.14     .27   28.94     .72   27.02     .63
59   1   24.09    -.24   25.50     .16   28.96     .90   27.06     .72
59   2   25.68    -.13   26.43     .24   28.50     .47   27.30     .68
59   3   27.07     .78   26.79    -.07   28.44     .36   27.24     .16
59   4   25.89     .46   27.58     .33   28.66     .33   27.96     .39
59   5   24.26     .23   26.94     .21   29.05     .49   27.92     .39
59   6   22.63    -.02   26.03    -.14   28.39    -.16   27.37    -.04
59   7   21.45    -.06   24.96    -.42   28.29    -.18   26.62    -.34
59   8   20.34    -.30   24.32    -.46   28.29    -.06   26.33    -.31
59   9   20.41     .17   24.26    -.33   28.28     .01   26.04    -.35
59  10   20.91     .36   24.72     .11   28.49     .20   26.52     .07
59  11   21.99     .56   24.77     .05   28.18    -.06   26.40     .04
59  12   22.69     .19   24.91     .04   28.05    -.16   26.39     .00
60   1   24.57     .24   25.53     .19   27.71    -.35   26.49     .14
60   2   25.72    -.09   25.92    -.27   27.69    -.34   26.35    -.27
60   3   26.15    -.13   26.96     .10   28.02    -.07   27.17     .09
60   4   24.72    -.71   27.32     .07   28.35     .02   27.84     .26
60   5   23.76    -.27   26.62    -.10   28.39    -.16   27.65     .12
60   6   22.15    -.51   25.97    -.20   28.34    -.21   27.35    -.05
60   7   21.01    -.50   25.37    -.01   28.44    -.02   27.07     .11
60   8   20.37    -.27   24.89     .11   28.18    -.17   26.90     .26
60   9   20.54     .30   24.82     .24   28.39     .13   26.63     .23
60  10   20.22    -.33   24.25    -.37   28.36     .06   26.28    -.17
60  11   20.91    -.51   24.12    -.60   28.37     .12   26.12    -.24
60  12   22.74     .24   24.66    -.21   28.66     .45   26.31    -.08
61   1   24.45     .12   25.10    -.24   28.03    -.04   26.23    -.12
61   2   26.55     .75   26.42     .23   27.98    -.05   26.61     .00
61   3   25.91    -.37   26.88     .01   27.77    -.31   27.03    -.05
61   4   24.97    -.46   27.55     .30   28.16    -.18   27.76     .18
61   5   23.71    -.33   26.92     .19   28.49    -.06   27.84     .31
61   6   22.39    -.27   26.62     .45   28.60     .06   28.05     .65
61   7   20.55    -.96   24.82    -.55   28.45    -.02   26.90    -.06
61   8   19.96    -.69   24.27    -.52   28.24    -.11   26.45    -.19
61   9   19.75    -.49   23.61    -.98   28.27     .01   25.93    -.47
61  10   20.00    -.56   23.97    -.64   28.00    -.29   26.03    -.42
61  11   21.07    -.35   24.36    -.36   28.24     .00   26.16    -.20
61  12   22.06    -.44   24.87     .00   28.02    -.20   26.28    -.11
62   1   24.11    -.22   25.34     .00   27.64    -.43   26.17    -.17
62   2   25.55    -.26   26.11    -.08   27.64    -.39   26.36    -.25
62   3   24.63   -1.65   26.52    -.34   27.78    -.30   26.87    -.21
62   4   23.57   -1.86   26.61    -.64   28.28    -.06   27.28    -.30
62   5   23.48    -.55   26.25    -.48   28.27    -.28   27.24    -.29
62   6   21.85    -.80   25.97    -.20   28.38    -.17   27.41     .00
62   7   20.57    -.94   25.31    -.07   28.38    -.09   27.05     .09
62   8   20.37    -.28   24.94     .15   28.23    -.12   26.81     .17
62   9   20.16    -.08   24.21    -.37   28.14    -.12   26.10    -.30
62  10   19.92    -.63   24.27    -.34   27.94    -.35   26.17    -.28
62  11   20.88    -.54   24.10    -.62   28.14    -.11   25.97    -.39
62  12   21.83    -.67   24.15    -.71   27.84    -.37   25.83    -.57
63   1   24.11    -.22   25.05    -.29   27.39    -.67   25.88    -.47
63   2   25.36    -.44   25.81    -.38   27.74    -.29   26.19    -.43
63   3   25.88    -.41   26.94     .08   27.90    -.18   27.14     .07
63   4   24.54    -.89   27.58     .34   28.16    -.17   27.83     .25
63   5   24.17     .14   26.96     .23   28.36    -.19   27.55     .03
63   6   22.60    -.05   26.67     .50   28.29    -.26   27.61     .20
63   7   22.01     .49   26.43    1.05   29.01     .55   28.01    1.05
63   8   21.45     .81   25.85    1.07   28.81     .46   27.62     .98
63   9   21.15     .91   25.44     .86   28.82     .56   27.42    1.02
63  10   21.00     .44   25.55     .94   29.05     .76   27.59    1.14
63  11   21.92     .50   25.76    1.04   28.70     .46   27.45    1.10
63  12   22.83     .33   26.05    1.19   28.48     .27   27.58    1.19
64   1   24.17    -.16   26.01     .67   28.67     .60   27.42    1.08
64   2   24.98    -.82   26.34     .15   28.21     .18   27.14     .53
64   3   25.04   -1.24   26.66    -.21   27.70    -.39   26.96    -.12
64   4   24.53    -.90   26.42    -.82   28.24    -.09   27.07    -.51
64   5   21.96   -2.08   25.40   -1.33   28.32    -.23   26.82    -.71
64   6   21.27   -1.38   25.04   -1.13   28.17    -.38   26.58    -.82
64   7   20.43   -1.08   24.88    -.50   28.18    -.29   26.53    -.43
64   8   19.20   -1.44   23.81    -.98   27.79    -.56   26.00    -.64
64   9   19.51    -.73   23.94    -.65   27.13   -1.13   25.52    -.88
64  10   19.96    -.59   24.12    -.49   27.58    -.72   25.83    -.62
64  11   20.92    -.50   23.88    -.84   27.37    -.87   25.32   -1.03
64  12   21.85    -.65   23.69   -1.18   27.23    -.98   25.38   -1.01
65   1   24.19    -.14   24.80    -.54   27.52    -.55   25.82    -.52
65   2   25.95     .14   26.08    -.11   27.71    -.32   26.41    -.20
65   3   26.68     .40   26.97     .10   27.82    -.26   27.15     .08
65   4   27.10    1.67   27.68     .43   28.04    -.30   27.75     .18
65   5   26.04    2.00   27.61     .88   28.59     .04   28.09     .57
65   6   24.57    1.91   27.19    1.03   28.98     .43   28.27     .87
65   7   23.34    1.83   26.75    1.37   29.06     .60   28.23    1.27
65   8   22.02    1.38   26.20    1.42   29.03     .67   28.05    1.41
65   9   21.38    1.14   26.03    1.44   28.92     .66   27.93    1.54
65  10   21.67    1.12   26.18    1.57   29.26     .96   28.16    1.71
65  11   22.30     .88   26.39    1.67   29.15     .91   28.13    1.78
65  12   23.45     .95   26.64    1.77   29.10     .88   28.31    1.92
66   1   25.27     .95   26.78    1.44   28.92     .86   27.82    1.48
66   2   25.92     .11   26.88     .69   28.74     .71   27.67    1.06
66   3   25.41    -.87   27.11     .25   29.16    1.08   28.03     .96
66   4   24.18   -1.25   27.54     .29   28.94     .61   28.39     .81
66   5   23.07    -.96   26.22    -.51   29.09     .54   27.66     .13
66   6   21.84    -.81   26.20     .04   28.97     .43   28.03     .62
66   7   20.81    -.70   25.49     .12   28.99     .53   27.45     .49
66   8   20.27    -.38   24.65    -.13   28.73     .38   26.79     .15
66   9   19.62    -.61   24.17    -.42   28.80     .54   26.51     .11
66  10   20.64     .09   24.50    -.11   28.71     .42   26.51     .06
66  11   21.07    -.35   24.25    -.47   28.61     .36   26.29    -.07
66  12   22.32    -.18   24.29    -.57   28.49     .28   26.17    -.22
67   1   23.77    -.56   25.13    -.21   27.74    -.32   26.15    -.19
67   2   25.64    -.17   26.21     .02   27.56    -.47   26.42    -.20
67   3   25.75    -.54   26.41    -.45   27.90    -.19   26.58    -.50
67   4   25.23    -.20   26.53    -.72   28.34     .01   26.87    -.71
67   5   23.89    -.14   26.76     .03   28.64     .09   27.50    -.03
67   6   22.18    -.48   26.54     .37   28.55     .01   27.74     .33
67   7   20.99    -.52   25.13    -.25   28.51     .04   26.93    -.03
67   8   19.73    -.92   24.24    -.55   28.36     .00   26.48    -.16
67   9   19.18   -1.06   23.66    -.92   28.33     .07   26.04    -.36
67  10   19.41   -1.14   23.80    -.81   28.42     .12   26.09    -.36
67  11   20.21   -1.21   23.98    -.74   28.37     .13   26.19    -.17
67  12   21.30   -1.20   24.22    -.65   28.36     .15   26.11    -.28
68   1   23.17   -1.15   24.49    -.85   28.03    -.03   25.88    -.46
68   2   24.79   -1.02   24.91   -1.28   28.15     .11   25.77    -.85
68   3   25.17   -1.12   25.94    -.93   28.02    -.07   26.55    -.53
68   4   24.09   -1.34   26.70    -.54   28.36     .03   27.28    -.30
68   5   22.54   -1.50   26.13    -.59   28.32    -.23   27.20    -.33
68   6   21.60   -1.06   26.15    -.02   28.85     .30   27.60     .20
68   7   21.13    -.38   25.90     .52   28.51     .04   27.47     .51
68   8   20.73     .08   25.27     .48   28.71     .36   27.14     .50
68   9   20.86     .62   24.95     .37   28.51     .25   26.69     .29
68  10   21.16     .61   25.11     .50   28.83     .53   26.92     .47
68  11   21.35    -.07   25.32     .60   29.18     .94   27.36    1.00
68  12   22.99     .49   25.73     .86   29.01     .79   27.27     .88
69   1   24.76     .43   26.37    1.03   29.34    1.28   27.69    1.35
69   2   25.55    -.26   26.74     .55   29.34    1.31   27.81    1.19
69   3   26.88     .60   27.69     .83   28.87     .78   27.99     .91
69   4   26.42     .99   27.89     .65   29.06     .72   28.17     .60
69   5   25.97    1.93   28.02    1.29   29.35     .80   28.57    1.04
69   6   24.30    1.64   27.09     .93   28.98     .44   28.09     .69
69   7   22.24     .73   25.80     .42   28.75     .29   27.28     .32
69   8   21.01     .36   25.50     .72   28.86     .51   27.33     .69
69   9   20.68     .44   25.44     .85   29.05     .79   27.27     .87
69  10   21.80    1.24   25.66    1.04   29.19     .89   27.44     .99
69  11   22.33     .91   25.73    1.01   28.89     .65   27.24     .89
69  12   23.45     .95   26.26    1.40   28.80     .59   27.62    1.23
70   1   24.92     .60   26.54    1.20   28.69     .62   27.39    1.05
70   2   25.63    -.18   26.57     .38   28.55     .52   27.10     .49
70   3   25.57    -.71   26.93     .07   28.31     .22   27.42     .34
70   4   24.48    -.94   27.46     .22   28.63     .30   28.14     .56
70   5   23.13    -.90   26.37    -.36   28.86     .31   27.69     .16
70   6   21.33   -1.33   25.37    -.79   28.57     .02   27.10    -.31
70   7   19.70   -1.82   23.88   -1.50   28.50     .03   26.21    -.75
70   8   19.30   -1.34   23.55   -1.24   27.89    -.46   25.83    -.81
70   9   19.49    -.75   23.57   -1.02   27.72    -.54   25.58    -.82
70  10   20.29    -.27   23.68    -.93   27.55    -.75   25.41   -1.04
70  11   20.32   -1.10   23.42   -1.30   27.40    -.84   25.07   -1.29
70  12   21.79    -.72   23.40   -1.46   26.86   -1.35   24.64   -1.76
71   1   23.32   -1.01   24.35    -.99   26.81   -1.25   25.01   -1.33
71   2   24.66   -1.15   24.95   -1.24   26.94   -1.09   25.27   -1.34
71   3   24.91   -1.37   26.17    -.70   27.15    -.94   26.11    -.97
71   4   25.10    -.33   26.69    -.55   27.58    -.76   26.64    -.94
71   5   22.96   -1.07   26.37    -.35   27.98    -.57   27.16    -.36
71   6   21.86    -.79   25.71    -.45   28.12    -.43   26.93    -.47
71   7   21.26    -.26   25.11    -.26   27.91    -.55   26.64    -.32
71   8   19.86    -.79   24.14    -.64   27.86    -.49   26.24    -.39
71   9   19.79    -.45   23.94    -.65   27.64    -.62   25.88    -.52
71  10   20.07    -.49   23.91    -.70   27.81    -.48   25.92    -.53
71  11   21.13    -.30   23.90    -.82   27.62    -.63   25.58    -.78
71  12   21.96    -.54   23.94    -.93   27.74    -.47   25.61    -.78
72   1   24.62     .29   25.12    -.22   27.63    -.43   25.84    -.50
72   2   26.81    1.00   26.19     .00   28.14     .11   26.49    -.13
72   3   27.31    1.03   26.98     .12   28.17     .08   27.08     .00
72   4   26.35     .92   27.91     .67   28.93     .60   28.08     .51
72   5   25.51    1.48   27.66     .93   29.39     .84   28.36     .83
72   6   24.86    2.20   27.41    1.24   29.22     .67   28.34     .94
72   7   24.07    2.56   27.03    1.66   29.28     .82   28.17    1.21
72   8   23.27    2.63   26.87    2.09   28.94     .59   28.14    1.50
72   9   22.12    1.88   26.35    1.77   28.96     .69   27.86    1.46
72  10   22.56    2.00   26.80    2.18   29.33    1.03   28.38    1.93
72  11   23.40    1.98   27.12    2.40   29.42    1.17   28.62    2.27
72  12   24.69    2.19   27.50    2.64   29.19     .97   28.61    2.22
73   1   26.33    2.01   27.37    2.03   29.12    1.06   28.25    1.91
73   2   26.50     .69   27.39    1.20   28.79     .76   27.98    1.37
73   3   26.15    -.13   27.37     .50   28.53     .45   27.82     .75
73   4   24.52    -.91   26.89    -.35   28.37     .04   27.53    -.05
73   5   23.47    -.56   26.12    -.61   28.70     .15   27.26    -.27
73   6   21.51   -1.15   25.34    -.83   28.20    -.34   26.70    -.70
73   7   20.75    -.76   24.39    -.99   28.12    -.34   26.04    -.92
73   8   19.47   -1.17   23.65   -1.13   27.84    -.52   25.66    -.98
73   9   19.24    -.99   23.60    -.99   27.55    -.71   25.44    -.96
73  10   19.68    -.87   23.57   -1.04   27.25   -1.05   25.25   -1.21
73  11   20.71    -.71   23.47   -1.25   27.06   -1.18   24.76   -1.59
73  12   21.61    -.89   23.55   -1.32   26.66   -1.55   24.58   -1.81
74   1   23.32   -1.01   23.97   -1.37   26.61   -1.45   24.58   -1.76
74   2   24.92    -.88   25.16   -1.03   26.74   -1.29   25.21   -1.41
74   3   26.04    -.24   26.39    -.48   27.12    -.97   26.05   -1.03
74   4   25.29    -.14   26.83    -.41   27.52    -.81   26.90    -.68
74   5   24.42     .38   26.49    -.24   27.79    -.76   26.82    -.71
74   6   22.68     .02   26.15    -.01   27.97    -.58   27.18    -.22
74   7   21.60     .09   25.51     .13   27.80    -.66   26.71    -.25
74   8   20.47    -.18   24.77    -.01   27.98    -.38   26.30    -.33
74   9   19.91    -.32   24.35    -.23   27.72    -.54   26.19    -.21
74  10   20.02    -.53   24.15    -.47   27.59    -.71   25.87    -.58
74  11   20.95    -.47   24.06    -.66   27.50    -.74   25.59    -.77
74  12   21.41   -1.09   24.24    -.63   27.63    -.59   25.78    -.61
75   1   23.67    -.66   25.18    -.16   27.46    -.60   26.08    -.26
75   2   24.90    -.91   25.73    -.46   27.83    -.21   26.33    -.29
75   3   26.17    -.12   26.57    -.30   27.54    -.55   26.59    -.48
75   4   25.44     .01   27.11    -.13   27.75    -.59   27.15    -.43
75   5   23.36    -.68   26.00    -.73   27.77    -.78   26.87    -.65
75   6   21.71    -.94   25.24    -.92   27.53   -1.02   26.41   -1.00
75   7   20.98    -.53   24.77    -.61   27.52    -.94   26.13    -.83
75   8   20.05    -.59   24.14    -.64   27.14   -1.21   25.55   -1.09
75   9   18.80   -1.44   23.69    -.90   27.04   -1.22   25.31   -1.09
75  10   19.13   -1.42   23.40   -1.21   26.83   -1.46   25.07   -1.38
75  11   19.61   -1.81   23.72   -1.00   26.89   -1.36   25.23   -1.12
75  12   20.94   -1.56   23.38   -1.49   26.62   -1.60   24.82   -1.57
76   1   23.73    -.59   23.83   -1.51   26.90   -1.16   24.66   -1.68
76   2   25.63    -.18   25.39    -.80   27.17    -.87   25.61   -1.00
76   3   26.21    -.08   26.49    -.37   27.54    -.55   26.49    -.59
76   4   25.78     .35   26.90    -.34   28.06    -.27   26.99    -.59
76   5   25.33    1.30   26.89     .16   28.15    -.40   27.22    -.31
76   6   24.40    1.74   26.88     .72   28.23    -.32   27.39    -.01
76   7   23.46    1.95   26.23     .86   28.19    -.27   27.21     .25
76   8   22.19    1.54   25.79    1.01   28.23    -.12   27.07     .43
76   9   21.67    1.44   25.78    1.19   28.35     .09   27.20     .80
76  10   21.52     .97   25.84    1.23   28.86     .56   27.58    1.13
76  11   22.00     .58   25.80    1.08   28.92     .68   27.48    1.12
76  12   23.69    1.19   25.85     .99   28.35     .13   27.21     .82
77   1   25.31     .98   26.47    1.13   28.32     .26   27.38    1.04
77   2   25.97     .17   26.82     .63   27.89    -.15   27.03     .41
77   3   26.35     .07   27.42     .55   28.04    -.05   27.54     .46
77   4   25.25    -.18   27.00    -.24   28.32    -.01   27.58     .00
77   5   23.95    -.09   26.94     .22   28.81     .26   28.03     .50
77   6   22.82     .17   26.46     .29   28.79     .24   27.86     .46
77   7   21.75     .24   25.50     .12   28.98     .52   27.38     .42
77   8   20.28    -.37   24.57    -.22   28.73     .37   26.85     .21
77   9   19.85    -.38   24.70     .11   28.95     .69   26.96     .56
77  10   20.98     .42   25.26     .65   28.88     .58   27.30     .85
77  11   21.65     .23   25.36     .64   29.11     .87   27.29     .93
77  12   22.49    -.01   25.34     .47   28.93     .71   27.16     .77
78   1   24.33     .00   25.99     .65   28.79     .73   27.34    1.00
78   2   25.99     .18   26.26     .07   28.47     .44   26.93     .32
78   3   25.54    -.74   26.95     .09   28.28     .19   27.36     .28
78   4   25.03    -.40   26.68    -.57   28.25    -.09   27.22    -.36
78   5   23.47    -.56   26.23    -.50   28.86     .31   27.39    -.14
78   6   22.09    -.56   25.61    -.55   28.57     .02   27.11    -.29
78   7   21.11    -.40   24.93    -.45   28.43    -.04   26.68    -.28
78   8   20.03    -.62   24.35    -.43   28.15    -.20   26.13    -.51
78   9   19.86    -.38   24.26    -.33   28.48     .21   26.20    -.19
78  10   20.35    -.20   24.58    -.03   28.23    -.06   26.41    -.04
78  11   21.99     .57   24.80     .08   28.35     .10   26.40     .05
78  12   23.30     .79   25.36     .49   28.27     .06   26.53     .14
79   1   24.77     .44   25.40     .06   28.51     .45   26.50     .16
79   2   25.70    -.11   26.26     .07   28.14     .11   26.69     .08
79   3   26.26    -.03   27.27     .41   28.45     .36   27.60     .53
79   4   25.39    -.04   27.63     .39   28.50     .17   27.88     .31
79   5   24.13     .09   27.16     .44   28.76     .21   27.81     .29
79   6   23.29     .63   26.75     .59   28.77     .22   27.76     .36
79   7   22.18     .67   25.46     .08   28.59     .12   26.84    -.12
79   8   21.20     .56   25.02     .24   28.39     .04   26.69     .05
79   9   21.30    1.06   25.83    1.24   28.71     .44   27.50    1.11
79  10   21.61    1.05   25.26     .65   28.58     .28   26.87     .42
79  11   22.20     .78   25.25     .53   28.79     .55   26.88     .53
79  12   23.25     .75   25.48     .62   28.81     .60   27.04     .64
80   1   24.77     .44   26.06     .72   28.80     .74   27.13     .79
80   2   25.77    -.04   26.54     .35   28.76     .72   27.18     .56
80   3   26.61     .33   26.92     .06   28.66     .57   27.28     .20
80   4   25.80     .38   27.38     .13   28.83     .50   27.86     .28
80   5   24.54     .51   27.13     .40   29.05     .50   27.96     .43
80   6   23.27     .62   26.87     .70   28.99     .45   28.12     .72
80   7   21.52     .01   25.58     .20   28.82     .36   27.32     .36
80   8   20.77     .13   24.70    -.09   28.41     .06   26.59    -.05
80   9   20.66     .42   24.95     .36   28.54     .28   26.60     .20
80  10   20.36    -.19   24.66     .05   28.56     .27   26.51     .05
80  11   21.56     .14   25.12     .40   28.61     .37   26.60     .25
80  12   22.54     .04   25.57     .70   28.45     .24   26.91     .52
81   1   23.48    -.85   25.05    -.29   28.05    -.01   26.11    -.23
81   2   25.21    -.60   25.60    -.59   27.90    -.13   26.16    -.45
81   3   26.31     .02   26.80    -.07   28.17     .09   26.92    -.16
81   4   25.03    -.40   26.94    -.30   28.10    -.23   27.28    -.30
81   5   24.06     .03   26.74     .01   28.43    -.12   27.46    -.07
81   6   22.75     .09   26.24     .07   28.47    -.08   27.41     .01
81   7   21.38    -.13   25.08    -.30   28.21    -.26   26.65    -.31
81   8   20.52    -.12   24.02    -.76   28.06    -.30   26.01    -.63
81   9   19.93    -.31   24.67     .08   28.39     .13   26.57     .17
81  10   20.55     .00   24.92     .31   28.45     .15   26.80     .35
81  11   21.41    -.01   24.79     .07   28.46     .21   26.41     .06
81  12   23.00     .50   25.44     .58   28.42     .21   26.58     .19
82   1   24.34     .08   25.87     .53   28.28     .22   26.71     .36
82   2   25.50    -.24   26.38     .19   28.20     .17   26.68     .06
82   3   25.25    -.93   26.96     .09   28.38     .29   27.17     .09
82   4   24.52    -.79   27.66     .42   28.84     .51   27.97     .39
82   5   24.01     .06   27.76    1.03   29.44     .89   28.51     .99
82   6   22.87     .27   27.46    1.30   29.74    1.19   28.73    1.33
82   7   22.47    1.00   26.47    1.09   29.40     .94   28.10    1.14
82   8   21.74    1.13   26.15    1.36   29.04     .69   27.96    1.33
82   9   21.80    1.59   26.57    1.98   29.18     .91   28.18    1.78
82  10   22.91    2.37   27.17    2.56   29.42    1.12   28.72    2.27
82  11   24.73    3.34   27.62    2.90   29.25    1.01   28.82    2.46
82  12   26.27    3.81   28.36    3.49   29.18     .97   29.17    2.78
83   1   27.60    3.34   28.94    3.60   28.95     .89   29.35    3.01
83   2   28.16    2.42   29.02    2.83   28.80     .77   29.23    2.62
83   3   28.77    2.60   29.12    2.25   28.77     .68   29.06    1.98
83   4   28.76    3.45   29.16    1.92   28.85     .52   28.93    1.35
83   5   28.48    4.54   29.03    2.30   29.09     .54   28.93    1.40
83   6   27.70    5.10   28.24    2.08   28.90     .35   28.30     .90
83   7   26.31    4.83   26.69    1.31   28.67     .21   27.08     .12
83   8   23.98    3.37   25.91    1.13   28.38     .03   26.55    -.09
83   9   22.27    2.06   25.23     .65   28.24    -.02   26.45     .05
83  10   21.82    1.29   24.57    -.04   27.76    -.54   25.84    -.61
83  11   21.83     .44   24.23    -.49   27.77    -.48   25.64    -.72
83  12   22.96     .50   24.43    -.44   27.77    -.44   25.57    -.83
84   1   24.17    -.09   24.81    -.53   27.63    -.43   25.61    -.73
84   2   25.16    -.58   26.18    -.01   27.23    -.80   26.34    -.28
84   3   25.98    -.20   27.10     .24   27.21    -.88   26.83    -.25
84   4   25.21    -.10   27.36     .11   27.72    -.62   27.40    -.18
84   5   23.22    -.72   26.47    -.25   27.94    -.61   27.38    -.14
84   6   21.93    -.67   25.39    -.77   28.11    -.44   26.87    -.53
84   7   21.27    -.20   24.97    -.40   28.33    -.13   26.71    -.25
84   8   20.20    -.41   24.45    -.33   28.17    -.18   26.29    -.35
84   9   20.40     .19   24.30    -.28   28.60     .34   26.41     .01
84  10   20.49    -.05   23.92    -.69   28.26    -.04   25.90    -.55
84  11   21.48     .09   24.04    -.68   27.95    -.29   25.41    -.95
84  12   22.57     .11   23.64   -1.23   27.43    -.78   24.93   -1.46
85   1   23.69    -.58   24.53    -.81   27.76    -.31   25.53    -.81
85   2   24.88    -.86   25.06   -1.13   27.53    -.50   25.55   -1.06
85   3   25.63    -.55   26.10    -.76   27.40    -.68   26.22    -.86
85   4   24.20   -1.11   26.59    -.66   27.73    -.60   26.88    -.69
85   5   22.21   -1.73   26.12    -.61   28.06    -.49   27.12    -.41
85   6   21.57   -1.03   25.54    -.62   28.13    -.42   26.94    -.47
85   7   20.38   -1.10   24.79    -.59   28.25    -.21   26.71    -.25
85   8   19.31   -1.30   24.28    -.50   28.33    -.03   26.46    -.18
85   9   19.23    -.98   24.05    -.54   28.28     .02   26.20    -.19
85  10   19.83    -.70   24.10    -.51   28.16    -.14   26.14    -.32
85  11   20.60    -.79   24.20    -.52   28.51     .26   26.16    -.20
85  12   21.95    -.51   24.27    -.60   28.53     .31   26.17    -.22
86   1   24.30     .03   24.67    -.67   28.06     .00   25.74    -.60
86   2   25.83     .09   25.71    -.48   27.81    -.22   25.88    -.73
86   3   25.69    -.49   26.84    -.03   27.88    -.20   26.62    -.46
86   4   24.45    -.86   27.20    -.04   28.18    -.15   27.45    -.12
86   5   23.34    -.61   26.70    -.03   28.59     .04   27.50    -.03
86   6   21.98    -.62   26.26     .09   28.82     .27   27.65     .25
86   7   21.07    -.40   25.66     .28   28.88     .41   27.35     .39
86   8   21.07     .45   25.02     .24   29.04     .69   27.18     .55
86   9   20.42     .21   25.27     .69   29.20     .94   27.38     .98
86  10   21.07     .53   25.55     .94   29.39    1.09   27.55    1.10
86  11   21.89     .50   25.88    1.16   29.37    1.13   27.66    1.31
86  12   22.98     .52   25.86     .99   29.20     .99   27.68    1.29
87   1   25.11     .85   26.64    1.30   29.03     .97   27.87    1.53
87   2   27.09    1.35   27.44    1.25   28.94     .90   28.02    1.41
87   3   27.96    1.78   28.18    1.31   29.05     .96   28.46    1.39
87   4   27.17    1.86   28.46    1.22   29.15     .82   28.76    1.19
87   5   25.53    1.59   28.23    1.50   29.26     .71   28.74    1.21
87   6   23.92    1.32   27.73    1.57   29.53     .98   29.01    1.61
87   7   22.70    1.23   27.10    1.73   29.46    1.00   28.79    1.83
87   8   21.36     .75   26.56    1.78   29.45    1.09   28.60    1.96
87   9   21.23    1.02   26.61    2.03   29.52    1.26   28.38    1.98
87  10   22.27    1.73   26.19    1.57   29.57    1.27   28.08    1.63
87  11   22.69    1.30   26.14    1.42   29.78    1.53   27.95    1.59
87  12   23.44     .99   26.16    1.30   29.42    1.20   27.57    1.18
88   1   24.56     .30   26.09     .75   29.13    1.06   27.31     .96
88   2   25.72    -.01   26.53     .34   28.65     .62   27.19     .57
88   3   25.82    -.36   27.19     .32   28.23     .14   27.34     .26
88   4   24.44    -.87   26.74    -.50   28.16    -.17   27.31    -.26
88   5   23.22    -.73   25.30   -1.43   28.36    -.19   26.50   -1.03
88   6   21.02   -1.58   24.41   -1.75   28.13    -.42   26.10   -1.31
88   7   20.00   -1.47   23.70   -1.68   27.87    -.59   25.58   -1.38
88   8   19.01   -1.60   23.35   -1.44   27.63    -.72   25.22   -1.42
88   9   19.06   -1.15   23.57   -1.01   27.59    -.67   25.40   -1.00
88  10   19.28   -1.25   23.16   -1.45   27.09   -1.21   24.66   -1.79
88  11   20.54    -.85   23.05   -1.67   26.77   -1.47   24.27   -2.09
88  12   21.74    -.72   23.13   -1.74   26.70   -1.51   24.36   -2.03
89   1   24.04    -.22   24.11   -1.23   26.53   -1.54   24.49   -1.85
89   2   26.43     .69   25.61    -.58   26.54   -1.49   25.32   -1.30
89   3   26.61     .44   25.99    -.88   26.97   -1.12   25.86   -1.22
89   4   25.39     .08   26.70    -.54   27.52    -.82   26.68    -.89
89   5   23.03    -.91   26.43    -.30   28.01    -.54   27.09    -.44
89   6   21.92    -.68   26.10    -.06   27.95    -.60   27.01    -.40
89   7   21.29    -.18   25.32    -.06   28.18    -.29   26.72    -.24
89   8   20.10    -.51   24.59    -.20   28.14    -.22   26.36    -.27
89   9   19.74    -.47   24.46    -.12   28.27     .01   26.26    -.14
89  10   20.22    -.31   24.50    -.11   28.38     .08   26.25    -.20
89  11   21.19    -.20   24.57    -.15   28.24     .00   26.22    -.14
89  12   22.27    -.19   24.70    -.17   28.54     .33   26.35    -.04
90   1   24.07    -.19   25.25    -.09   28.58     .52   26.49     .14
90   2   25.76     .02   26.31     .12   28.64     .61   26.87     .26
90   3   26.03    -.14   27.03     .17   28.78     .69   27.44     .36
90   4   25.30    -.01   27.76     .51   28.90     .57   28.03     .45
90   5   23.94    -.01   27.39     .66   28.95     .40   28.08     .55
90   6   22.53    -.07   26.51     .35   28.89     .34   27.62     .21
90   7   21.05    -.42   25.47     .09   28.98     .51   27.30     .34
90   8   20.19    -.42   25.03     .25   29.11     .76   27.05     .41
90   9   20.04    -.17   24.89     .30   29.00     .74   26.77     .37
90  10   20.08    -.45   24.91     .30   29.22     .92   26.95     .50
90  11   20.82    -.57   24.80     .08   29.07     .82   26.70     .34
90  12   22.42    -.03   25.05     .18   29.14     .92   26.86     .47
91   1   23.89    -.37   25.62     .28   28.93     .87   26.96     .62
91   2   26.11     .38   26.27     .08   28.67     .64   26.91     .30
91   3   26.62     .44   27.08     .22   28.60     .52   27.25     .18
91   4   24.91    -.40   27.29     .05   29.11     .78   27.96     .39
91   5   24.35     .40   27.62     .89   29.36     .81   28.37     .84
91   6   23.12     .52   27.41    1.24   29.34     .80   28.39     .98
91   7   21.79     .32   26.53    1.15   29.29     .83   27.92     .96
91   8   20.76     .15   25.37     .59   29.18     .82   27.36     .72
91   9   20.12    -.09   24.93     .34   29.14     .88   27.04     .64
91  10   20.60     .06   25.54     .93   29.47    1.18   27.69    1.24
91  11   21.91     .52   26.01    1.29   29.41    1.17   27.86    1.51
91  12   23.19     .73   26.41    1.55   29.39    1.17   28.33    1.93
92   1   24.81     .54   26.99    1.65   28.98     .92   28.34    2.00
92   2   26.53     .79   27.66    1.47   29.00     .97   28.60    1.99
92   3   27.55    1.38   28.33    1.47   29.00     .91   28.80    1.73
92   4   27.67    2.36   28.74    1.50   29.42    1.09   29.16    1.58
92   5   26.15    2.21   28.38    1.66   29.41     .86   28.99    1.46
92   6   23.66    1.06   26.67     .50   29.31     .76   28.08     .67
92   7   21.52     .05   25.54     .16   29.34     .87   27.54     .58
92   8   20.24    -.37   24.72    -.06   28.95     .59   26.71     .07
92   9   19.62    -.59   24.47    -.12   28.85     .59   26.55     .15
92  10   20.29    -.24   24.56    -.05   28.73     .43   26.40    -.05
92  11   21.41     .02   24.68    -.04   28.68     .44   26.49     .14
92  12   22.39    -.07   24.97     .11   28.79     .58   26.74     .34
93   1   23.81    -.46   25.46     .12   28.62     .55   26.67     .33
93   2   26.29     .55   26.47     .28   28.40     .37   26.94     .32
93   3   27.04     .87   27.51     .65   28.55     .46   27.61     .54
93   4   26.26     .95   28.51    1.26   28.86     .52   28.59    1.01
93   5   25.01    1.07   28.21    1.48   29.13     .58   28.84    1.31
93   6   23.30     .70   27.07     .90   29.13     .58   28.27     .86
93   7   21.68     .21   25.79     .41   29.19     .73   27.56     .60
93   8   20.87     .26   24.93     .14   28.91     .56   26.87     .23
93   9   20.46     .25   24.92     .34   29.06     .80   26.92     .52
93  10   20.82     .28   25.16     .55   28.87     .58   26.95     .50
93  11   21.29    -.10   25.09     .36   28.90     .66   26.84     .48
93  12   22.11    -.35   25.25     .38   28.87     .66   26.73     .34
94   1   24.16    -.10   25.67     .33   28.37     .31   26.52     .18
94   2   25.71    -.03   26.04    -.15   28.05     .02   26.54    -.08
94   3   25.44    -.74   26.86     .00   28.17     .08   27.17     .09
94   4   24.15   -1.16   27.03    -.22   28.56     .23   27.81     .23
94   5   23.05    -.89   27.00     .27   28.96     .41   28.02     .49
94   6   22.29    -.31   26.45     .28   29.10     .55   27.91     .51
94   7   21.06    -.41   25.17    -.21   29.29     .82   27.31     .35
94   8   19.51   -1.10   24.65    -.14   29.41    1.06   27.31     .67
94   9   19.85    -.36   24.78     .20   29.18     .92   27.02     .62
94  10   21.24     .71   25.42     .80   29.34    1.04   27.38     .93
94  11   22.21     .82   25.80    1.08   29.58    1.33   27.80    1.44
94  12   23.44     .98   26.03    1.16   29.46    1.24   27.83    1.43
95   1   25.15     .88   26.32     .98   29.15    1.08   27.49    1.15
95   2   26.34     .60   26.86     .67   29.01     .98   27.45     .83
95   3   26.00    -.18   27.05     .18   28.92     .83   27.53     .45
95   4   24.28   -1.03   27.07    -.18   28.86     .53   27.90     .33
95   5   22.88   -1.06   26.35    -.38   29.09     .54   27.67     .14
95   6   22.18    -.43   26.10    -.06   29.01     .46   27.52     .12
95   7   21.18    -.29   25.37    -.01   28.76     .30   27.02     .06
95   8   19.89    -.72   24.31    -.48   28.42     .07   26.38    -.26
95   9   20.08    -.13   23.96    -.62   28.21    -.06   25.93    -.47
95  10   20.15    -.39   24.02    -.59   28.03    -.27   25.67    -.78
95  11   21.05    -.34   23.94    -.78   27.94    -.30   25.58    -.77
95  12   22.06    -.40   24.21    -.66   28.06    -.15   25.57    -.82
96   1   23.84    -.42   24.95    -.39   27.88    -.18   25.69    -.66
96   2   25.81     .07   25.70    -.49   27.56    -.47   25.80    -.81
96   3   26.20     .03   26.77    -.10   27.68    -.41   26.64    -.43
96   4   23.74   -1.57   26.78    -.47   28.04    -.29   27.39    -.19
96   5   23.04    -.90   26.32    -.41   28.40    -.15   27.32    -.20
96   6   21.50   -1.10   25.91    -.25   28.54     .00   27.34    -.06
96   7   20.05   -1.42   25.38     .00   28.45    -.01   27.09     .13
96   8   19.62   -1.00   24.59    -.19   28.49     .13   26.55    -.08
96   9   19.28    -.93   24.33    -.26   28.39     .13   26.33    -.07
96  10   19.75    -.78   24.38    -.24   28.35     .05   26.23    -.22
96  11   20.27   -1.12   24.37    -.35   28.28     .04   26.18    -.18
96  12   21.54    -.92   24.14    -.72   28.42     .20   25.97    -.42
97   1   23.64    -.63   24.72    -.62   28.36     .30   25.94    -.40
97   2   25.95     .22   25.87    -.32   28.31     .28   26.37    -.25
97   3   27.22    1.04   27.09     .23   28.52     .44   27.11     .03
97   4   26.59    1.28   27.69     .44   29.32     .98   28.08     .51
97   5   26.86    2.92   28.16    1.43   29.45     .90   28.63    1.10
97   6   26.46    3.86   28.29    2.13   29.41     .86   28.97    1.56
97   7   25.66    4.19   28.10    2.72   29.47    1.00   28.92    1.96
97   8   24.81    4.20   27.89    3.10   29.25     .89   28.84    2.20
97   9   24.32    4.11   27.85    3.26   29.31    1.05   28.93    2.53
97  10   24.61    4.08   28.15    3.54   29.26     .97   29.24    2.79
97  11   25.62    4.23   28.50    3.78   29.40    1.15   29.28    2.92
